15 20
0 0 0 0 0 0 0 0 0 0 0 0 0 0 1 0 6 7 0 4 
6 0 7 3 8 0 0 0 0 0 0 0 7 6 6 2 0 2 0 0 
0 0 0 0 0 0 0 0 4 0 0 5 9 6 0 0 0 3 0 4 
0 0 0 0 9 6 6 7 0 0 0 6 4 6 2 0 0 0 0 0 
7 1 0 5 0 0 0 0 0 2 0 3 0 1 0 1 0 0 0 0 
0 0 8 0 0 0 0 4 0 0 0 0 0 0 3 2 0 0 0 0 
9 1 0 0 0 0 0 6 3 0 6 8 0 0 0 0 0 0 0 0 
0 9 1 0 0 1 0 0 4 0 0 0 0 3 0 0 0 0 0 0 
0 2 0 0 0 0 0 0 8 0 0 0 7 0 0 0 0 0 0 0 
2 0 0 0 0 0 0 1 9 7 0 0 5 7 0 0 0 0 0 0 
8 0 0 0 0 0 9 6 4 0 0 0 0 0 5 0 0 0 0 0 
2 0 4 0 0 0 1 0 1 0 0 0 0 0 7 3 6 0 6 0 
0 0 0 8 0 0 0 5 0 6 0 0 0 7 0 0 0 0 0 0 
0 0 0 0 5 0 0 0 0 0 0 0 2 0 0 0 0 0 0 4 
0 0 8 0 0 0 0 0 0 0 0 0 6 0 0 0 8 2 0 0 
